1
11 18 13
0 14 12
20 0 15
16 20 0

2
16 17 15
0 14 12
10 0 18
11 17 0

3
15 16 10
0 12 17
19 0 12
14 11 0

4
10 13 17
0 19 13
20 0 14
17 14 0

5
15 13 11
0 16 13
16 0 12
11 10 0

6
16 12 17
0 18 13
13 0 11
19 16 0

7
14 19 13
0 10 14
16 0 19
14 12 0

8
14 18 12
0 17 10
17 0 20
10 15 0

9
13 16 18
0 17 19
10 0 14
12 14 0

10
15 20 16
0 10 15
17 0 12
17 18 0

11
18 13 10
0 11 18
13 0 20
13 20 0

12
12 10 17
0 12 18
17 0 20
12 15 0

13
13 16 18
0 12 10
20 0 14
12 16 0

14
20 15 11
0 16 11
19 0 20
13 16 0

15
16 11 13
0 13 20
19 0 10
14 20 0

16
19 14 13
0 20 15
10 0 20
11 12 0

17
18 13 14
0 15 13
14 0 17
11 12 0

18
14 17 13
0 12 13
11 0 15
18 13 0

19
16 14 12
0 12 11
20 0 15
17 10 0

20
16 15 14
0 19 14
12 0 14
19 12 0

21
13 12 15
0 11 13
18 0 15
18 15 0

22
10 20 14
0 13 15
19 0 16
15 12 0

23
18 19 16
0 14 12
16 0 13
10 16 0

24
20 15 13
0 20 10
18 0 10
19 11 0

25
12 16 17
0 15 10
16 0 13
10 13 0

26
19 15 18
0 10 18
19 0 15
11 13 0

27
15 20 11
0 17 18
18 0 12
11 20 0

28
10 18 20
0 16 19
12 0 19
14 19 0

29
10 17 18
0 10 15
16 0 20
19 20 0

30
10 17 13
0 15 20
20 0 11
11 19 0

31
10 12 20
0 12 17
16 0 19
18 17 0

32
18 20 15
0 10 16
16 0 10
15 18 0

33
20 19 10
0 11 10
13 0 14
13 17 0

34
15 16 14
0 13 14
12 0 10
17 13 0

35
11 12 19
0 20 16
11 0 12
17 15 0

36
11 19 10
0 16 15
13 0 15
10 19 0

37
10 11 16
0 20 10
20 0 11
14 11 0

38
15 18 12
0 16 15
10 0 19
20 10 0

39
20 11 16
0 16 12
19 0 16
13 17 0

40
13 15 19
0 18 11
20 0 18
10 15 0

41
10 18 12
0 10 11
15 0 14
11 14 0

42
13 16 12
0 11 10
13 0 14
19 20 0

43
19 12 13
0 19 13
10 0 16
10 13 0

44
12 14 20
0 12 16
10 0 15
18 15 0

45
13 10 11
0 10 16
17 0 10
14 17 0

46
16 13 20
0 18 20
18 0 12
16 17 0

47
16 14 15
0 12 14
16 0 18
18 19 0

48
11 12 10
0 16 19
15 0 13
20 10 0

49
19 18 17
0 17 16
10 0 18
18 17 0

50
20 13 10
0 10 16
16 0 11
19 10 0

51
13 16 20
0 15 20
11 0 10
20 14 0

52
15 11 17
0 15 11
17 0 11
11 16 0

53
10 17 15
0 14 10
20 0 10
12 13 0

54
14 10 17
0 19 18
10 0 17
14 18 0

55
17 20 11
0 11 13
10 0 12
11 13 0

56
10 15 16
0 17 13
13 0 10
20 10 0

57
20 17 11
0 20 17
11 0 16
17 15 0

58
11 17 10
0 20 13
13 0 10
18 12 0

59
14 15 16
0 20 17
17 0 10
12 11 0

60
15 12 11
0 12 13
12 0 14
18 15 0

61
20 16 11
0 13 19
14 0 16
18 17 0

62
10 13 20
0 20 16
14 0 19
12 13 0

63
17 16 13
0 18 11
10 0 15
19 11 0

64
17 12 19
0 19 15
14 0 13
20 18 0

65
19 15 10
0 14 16
10 0 13
14 11 0

66
15 10 18
0 14 19
14 0 16
15 14 0

67
20 10 13
0 19 15
19 0 15
17 15 0

68
17 11 15
0 16 19
15 0 14
17 12 0

69
16 18 13
0 15 19
15 0 16
17 20 0

70
20 18 17
0 19 11
20 0 16
13 17 0

71
13 10 17
0 11 12
10 0 12
17 14 0

72
10 12 18
0 17 18
13 0 10
14 11 0

73
13 11 14
0 12 10
11 0 16
12 13 0

74
11 16 10
0 12 19
16 0 13
12 11 0

75
16 12 15
0 11 15
15 0 11
19 17 0

76
18 10 20
0 15 20
15 0 19
14 10 0

77
18 17 12
0 18 13
15 0 16
19 12 0

78
16 11 18
0 10 17
13 0 20
20 13 0

79
11 20 14
0 13 19
17 0 10
11 19 0

80
15 19 17
0 12 16
18 0 12
18 19 0

81
20 14 17
0 12 10
14 0 17
18 15 0

82
12 16 11
0 18 12
15 0 14
15 18 0

83
12 10 16
0 20 14
14 0 13
16 14 0

84
15 20 11
0 18 17
15 0 16
13 10 0

85
16 15 10
0 15 19
11 0 14
11 20 0

86
19 14 12
0 11 19
17 0 12
16 19 0

87
20 18 11
0 12 16
14 0 15
10 20 0

88
20 18 15
0 13 12
15 0 19
18 11 0

89
20 12 19
0 11 18
14 0 19
15 19 0

90
18 13 11
0 18 17
12 0 15
10 19 0

91
12 17 19
0 12 19
19 0 13
11 18 0

92
14 13 19
0 19 17
13 0 18
13 19 0

93
13 14 16
0 11 14
13 0 16
19 20 0

94
16 17 10
0 19 15
11 0 20
16 12 0

95
15 14 13
0 13 18
19 0 10
13 15 0

96
11 15 16
0 11 15
15 0 12
14 20 0

97
13 14 12
0 19 17
16 0 11
11 16 0

98
10 17 11
0 16 18
13 0 20
13 16 0

99
13 10 16
0 15 12
20 0 13
16 11 0

100
17 13 11
0 10 12
17 0 15
18 19 0

101
15 20 12
0 12 19
18 0 12
12 17 0

102
17 16 14
0 10 18
17 0 10
20 10 0

103
19 14 15
0 13 17
16 0 14
10 13 0

104
13 12 16
0 10 14
18 0 17
18 15 0

105
16 10 15
0 10 12
20 0 14
19 17 0

106
11 20 19
0 10 13
20 0 15
19 14 0

107
11 10 15
0 13 20
11 0 10
13 14 0

108
20 10 16
0 13 20
11 0 16
10 13 0

109
18 12 15
0 15 13
17 0 20
18 13 0

110
13 19 10
0 17 15
10 0 14
14 15 0

111
12 16 15
0 11 19
12 0 14
19 13 0

112
15 11 10
0 18 12
19 0 13
17 20 0

113
12 10 19
0 20 16
11 0 19
19 10 0

114
12 16 14
0 17 15
16 0 12
11 12 0

115
14 20 10
0 14 10
14 0 11
11 18 0

116
10 14 17
0 11 20
13 0 17
20 11 0

117
11 12 17
0 13 19
16 0 12
15 11 0

118
10 19 20
0 11 12
14 0 17
15 18 0

119
12 19 10
0 16 14
10 0 20
12 10 0

120
20 14 16
0 13 16
19 0 16
18 15 0

121
19 13 17
0 12 19
15 0 10
18 10 0

122
13 12 16
0 14 18
19 0 10
20 17 0

123
11 15 16
0 19 12
15 0 17
10 14 0

124
18 12 17
0 13 16
20 0 17
16 11 0

125
14 17 13
0 11 16
12 0 17
16 12 0

126
19 17 12
0 15 11
19 0 16
16 13 0

127
20 13 14
0 10 11
20 0 10
19 14 0

128
12 14 10
0 12 10
13 0 12
10 15 0

129
14 15 20
0 19 13
18 0 16
16 12 0

130
12 14 20
0 12 13
15 0 14
20 14 0

131
16 19 10
0 13 18
19 0 11
16 14 0

132
19 11 16
0 18 11
17 0 10
11 19 0

133
12 13 19
0 20 14
10 0 14
20 16 0

134
15 20 16
0 15 20
15 0 14
10 16 0

135
11 12 16
0 19 16
19 0 17
13 12 0

136
15 12 13
0 12 19
11 0 18
17 19 0

137
20 11 16
0 10 13
17 0 11
15 11 0

138
12 16 19
0 17 20
12 0 14
10 12 0

139
15 12 19
0 14 15
14 0 15
19 20 0

140
14 19 17
0 19 16
13 0 20
17 19 0

141
10 15 20
0 20 17
16 0 10
20 19 0

142
15 19 13
0 12 18
17 0 20
16 11 0

143
18 14 16
0 15 18
13 0 17
10 12 0

144
18 10 11
0 11 10
18 0 15
17 15 0

145
14 20 17
0 11 13
12 0 15
11 14 0

146
19 20 10
0 16 11
18 0 14
13 16 0

147
12 13 17
0 19 12
17 0 20
20 10 0

148
13 17 19
0 20 13
11 0 14
14 17 0

149
18 12 14
0 20 12
10 0 12
17 19 0

150
16 18 12
0 13 11
11 0 20
16 12 0

151
12 17 11
0 20 15
18 0 15
13 18 0

152
12 16 17
0 10 19
12 0 19
17 19 0

153
15 12 14
0 10 17
13 0 11
16 12 0

154
14 12 13
0 20 19
10 0 14
14 10 0

155
19 11 13
0 12 10
13 0 20
14 19 0

156
14 12 19
0 13 20
17 0 16
12 11 0

157
12 20 19
0 17 18
18 0 13
16 14 0

158
14 18 11
0 12 19
18 0 11
11 13 0

159
10 16 20
0 19 14
11 0 14
18 14 0

160
15 11 13
0 14 13
16 0 15
16 15 0

161
15 10 20
0 20 10
13 0 12
11 15 0

162
13 10 16
0 15 12
11 0 18
19 13 0

163
17 15 11
0 17 15
13 0 12
10 14 0

164
13 19 10
0 12 19
17 0 11
16 15 0

165
14 20 10
0 12 11
12 0 18
10 18 0

166
17 10 12
0 17 15
19 0 20
14 11 0

167
17 15 18
0 20 12
15 0 11
16 17 0

168
18 11 20
0 20 12
17 0 13
18 15 0

169
17 15 10
0 12 19
19 0 14
16 20 0

170
14 17 15
0 15 19
12 0 16
17 20 0

171
11 10 16
0 17 20
10 0 18
12 18 0

172
17 20 12
0 16 17
20 0 14
11 16 0

173
10 18 19
0 16 10
19 0 18
12 15 0

174
12 10 15
0 14 15
17 0 16
10 13 0

175
17 13 20
0 12 11
12 0 15
18 11 0

176
20 12 17
0 20 17
11 0 16
19 11 0

177
10 16 11
0 11 12
16 0 13
19 14 0

178
12 20 13
0 12 14
13 0 12
17 13 0

179
10 16 18
0 16 10
19 0 11
10 14 0

180
10 12 19
0 15 19
14 0 12
13 20 0

181
13 16 14
0 11 15
17 0 10
12 15 0

182
14 19 20
0 13 20
10 0 12
20 16 0

183
10 18 11
0 10 15
12 0 10
14 10 0

184
10 16 17
0 17 14
11 0 19
13 16 0

185
17 16 15
0 12 17
15 0 10
17 10 0

186
12 14 13
0 19 20
11 0 14
16 19 0

187
11 10 13
0 13 19
19 0 15
13 18 0

188
12 20 13
0 17 10
20 0 15
16 15 0

189
11 13 19
0 20 15
16 0 14
18 20 0

190
13 15 16
0 12 11
18 0 19
19 13 0

191
17 15 14
0 10 15
11 0 16
12 15 0

192
20 11 18
0 20 12
16 0 17
13 18 0

193
18 19 14
0 20 19
12 0 17
13 15 0

194
13 15 11
0 20 17
15 0 18
10 13 0

195
20 10 17
0 16 18
13 0 18
19 18 0

196
17 14 12
0 13 14
16 0 17
13 12 0

197
16 14 20
0 13 19
13 0 16
11 14 0

198
18 20 10
0 10 20
17 0 13
18 12 0

199
10 13 17
0 15 19
16 0 13
20 17 0

200
15 13 14
0 12 19
17 0 14
10 12 0

201
17 19 20
0 10 16
17 0 19
17 15 0

202
18 17 14
0 12 10
16 0 12
15 11 0

203
14 16 19
0 18 16
17 0 15
10 12 0

204
10 17 14
0 13 18
13 0 15
19 15 0

205
20 18 19
0 16 18
12 0 17
10 18 0

206
11 10 17
0 14 20
15 0 12
13 10 0

207
15 13 10
0 19 13
20 0 13
16 10 0

208
15 12 10
0 12 10
19 0 15
19 20 0

209
19 18 13
0 16 17
11 0 18
18 12 0

210
12 14 11
0 13 20
11 0 19
14 13 0

211
18 16 20
0 17 12
15 0 14
20 11 0

212
16 14 15
0 13 16
15 0 14
15 12 0

213
16 20 14
0 14 15
19 0 17
14 13 0

214
13 10 15
0 10 12
20 0 11
10 18 0

215
15 18 17
0 11 14
20 0 13
11 13 0

216
14 16 11
0 19 20
17 0 11
19 15 0

217
13 14 16
0 15 14
17 0 12
10 12 0

218
15 14 11
0 12 20
12 0 17
16 14 0

219
10 19 15
0 18 10
20 0 16
19 18 0

220
11 10 12
0 11 10
18 0 10
19 14 0

221
12 18 13
0 17 18
13 0 18
10 13 0

222
13 17 10
0 20 17
13 0 16
14 16 0

223
17 13 14
0 10 20
11 0 17
14 17 0

224
19 13 11
0 14 18
12 0 20
12 10 0

225
15 16 18
0 14 18
15 0 19
19 13 0

226
15 10 11
0 20 14
17 0 10
14 19 0

227
16 17 12
0 16 17
15 0 14
15 13 0

228
11 13 15
0 18 17
11 0 17
12 15 0

229
12 19 11
0 12 16
20 0 17
16 12 0

230
16 10 17
0 14 13
14 0 10
12 18 0

231
15 14 11
0 19 18
12 0 19
11 15 0

232
16 14 12
0 15 14
13 0 18
18 19 0

233
15 20 10
0 19 11
14 0 13
18 13 0

234
11 18 13
0 20 13
16 0 13
17 12 0

235
17 19 15
0 14 11
15 0 17
17 13 0

236
10 18 14
0 19 12
19 0 10
20 14 0

237
15 11 10
0 11 20
16 0 20
12 18 0

238
11 10 16
0 13 19
18 0 15
11 15 0

239
16 15 17
0 14 13
16 0 14
10 18 0

240
11 20 16
0 12 19
16 0 20
20 16 0

241
14 16 10
0 13 18
17 0 20
16 11 0

242
16 17 18
0 20 10
18 0 16
10 18 0

243
16 13 12
0 14 16
14 0 13
16 11 0

244
15 12 14
0 11 20
13 0 18
18 11 0

245
11 19 20
0 17 20
18 0 12
15 17 0

246
15 11 18
0 13 16
20 0 11
13 17 0

247
18 11 15
0 16 18
14 0 17
12 17 0

248
17 12 19
0 11 16
14 0 15
14 13 0

249
11 19 17
0 20 18
16 0 13
11 18 0

250
18 14 20
0 10 19
17 0 15
16 17 0

251
18 20 14
0 13 18
12 0 11
10 15 0

252
18 10 16
0 12 13
18 0 10
19 13 0

253
13 18 17
0 16 11
15 0 17
15 17 0

254
10 19 11
0 15 14
16 0 15
17 12 0

255
20 10 17
0 11 20
20 0 11
20 16 0

256
16 20 13
0 10 20
14 0 17
20 14 0

257
15 13 19
0 17 12
12 0 14
13 12 0

258
10 15 16
0 11 10
20 0 11
13 16 0

259
12 20 13
0 12 19
14 0 18
14 19 0

260
13 20 10
0 16 17
15 0 16
12 20 0

261
14 13 19
0 20 11
17 0 11
16 12 0

262
18 12 13
0 13 11
11 0 10
13 12 0

263
12 13 16
0 12 19
16 0 17
10 17 0

264
18 11 10
0 19 16
15 0 19
13 17 0

265
14 19 15
0 11 14
15 0 14
19 20 0

266
14 10 11
0 13 12
11 0 15
14 10 0

267
19 13 15
0 19 11
14 0 20
11 19 0

268
19 11 15
0 10 15
16 0 14
19 20 0

269
14 10 17
0 13 12
19 0 11
13 19 0

270
17 20 16
0 13 16
16 0 12
16 13 0

271
12 13 14
0 12 13
12 0 18
11 12 0

272
12 11 10
0 12 14
14 0 15
12 17 0

273
12 17 20
0 20 18
10 0 11
17 20 0

274
16 18 13
0 18 16
17 0 12
18 15 0

275
15 10 11
0 14 12
19 0 14
19 17 0

276
10 17 20
0 12 20
15 0 20
16 11 0

277
19 17 18
0 11 12
11 0 19
13 18 0

278
16 10 17
0 12 16
16 0 15
11 16 0

279
16 20 11
0 16 12
13 0 16
14 12 0

280
17 12 20
0 13 20
20 0 16
18 17 0

281
16 19 11
0 16 15
12 0 20
13 12 0

282
16 17 13
0 18 11
17 0 14
13 10 0

283
18 15 12
0 16 15
10 0 12
19 18 0

284
14 19 16
0 18 12
15 0 20
12 18 0

285
20 17 16
0 13 12
14 0 18
18 20 0

286
15 16 11
0 11 14
10 0 14
18 10 0

287
12 11 10
0 11 18
11 0 15
17 18 0

288
14 11 12
0 16 19
10 0 11
12 16 0

289
10 19 12
0 16 10
19 0 10
12 13 0

290
14 12 15
0 12 20
10 0 20
19 15 0

291
13 17 15
0 19 10
17 0 13
20 15 0

292
11 20 12
0 18 19
12 0 11
16 20 0

293
12 18 15
0 10 15
15 0 10
15 17 0

294
11 16 19
0 17 11
10 0 15
16 19 0

295
19 14 12
0 17 14
13 0 12
16 10 0

296
19 12 13
0 12 15
17 0 10
20 12 0

297
13 19 16
0 19 11
13 0 16
13 11 0

298
18 10 11
0 17 15
13 0 18
15 19 0

299
13 15 11
0 16 19
18 0 13
19 17 0

300
20 12 17
0 18 16
20 0 13
18 14 0

301
10 13 15
0 12 16
17 0 10
18 12 0

302
14 20 13
0 12 17
16 0 20
19 11 0

303
13 18 19
0 16 20
20 0 19
11 17 0

304
16 11 14
0 11 10
13 0 11
20 14 0

305
20 15 12
0 10 19
19 0 12
14 17 0

306
18 20 11
0 11 18
14 0 19
15 12 0

307
10 15 19
0 19 14
14 0 18
18 17 0

308
16 19 17
0 14 13
15 0 11
11 10 0

309
13 10 11
0 16 12
16 0 14
13 11 0

310
19 13 17
0 13 17
13 0 11
17 12 0

311
20 12 14
0 19 15
11 0 10
13 20 0

312
18 15 11
0 13 15
12 0 19
19 11 0

313
12 13 15
0 19 17
19 0 15
14 19 0

314
12 20 18
0 16 18
15 0 14
16 12 0

315
18 10 11
0 11 19
17 0 19
11 20 0

316
17 10 11
0 16 20
15 0 12
18 16 0

317
19 14 17
0 20 12
11 0 10
17 20 0

318
13 18 10
0 16 15
18 0 17
14 18 0

319
13 11 18
0 18 17
16 0 13
12 13 0

320
20 13 18
0 10 12
14 0 13
16 11 0

321
16 12 17
0 20 10
14 0 15
16 14 0

322
16 18 12
0 17 20
18 0 20
20 15 0

323
10 14 15
0 17 20
20 0 13
20 17 0

324
10 15 13
0 15 14
12 0 20
18 16 0

325
16 15 14
0 13 12
18 0 13
19 10 0

326
18 17 13
0 18 17
18 0 13
12 13 0

327
12 18 16
0 16 12
14 0 19
19 11 0

328
17 18 14
0 15 20
14 0 10
14 16 0

329
17 12 13
0 19 11
11 0 19
11 13 0

330
11 18 10
0 19 18
12 0 20
12 20 0

331
19 11 17
0 15 20
13 0 14
13 17 0

332
14 12 19
0 10 13
14 0 10
15 14 0

333
20 10 16
0 15 12
11 0 12
14 11 0

334
20 18 12
0 16 20
11 0 14
19 13 0

335
15 10 13
0 17 15
19 0 12
18 17 0

336
20 16 10
0 13 14
15 0 16
14 12 0

337
14 13 10
0 15 14
20 0 12
17 19 0

338
18 16 20
0 14 20
18 0 12
10 20 0

339
19 20 15
0 11 16
13 0 10
15 13 0

340
13 12 11
0 12 15
19 0 17
17 19 0

341
10 20 15
0 19 10
18 0 16
14 18 0

342
16 14 10
0 13 12
10 0 20
11 10 0

343
11 10 13
0 18 20
20 0 13
10 17 0

344
16 19 10
0 11 13
18 0 20
20 19 0

345
18 12 17
0 12 10
12 0 14
10 16 0

346
18 12 14
0 10 18
18 0 14
19 13 0

347
17 14 19
0 10 16
20 0 18
20 10 0

348
11 15 19
0 14 18
12 0 20
17 12 0

349
18 20 19
0 10 16
12 0 20
20 15 0

350
11 13 15
0 16 17
17 0 16
10 20 0

351
16 18 20
0 16 11
13 0 18
17 19 0

352
19 14 18
0 13 17
17 0 15
15 12 0

353
15 16 13
0 16 18
15 0 16
13 10 0

354
19 18 10
0 15 19
18 0 11
19 12 0

355
18 19 20
0 17 13
10 0 16
19 17 0

356
15 11 16
0 13 16
20 0 16
10 13 0

357
13 17 11
0 19 14
16 0 20
10 12 0

358
13 15 18
0 18 20
20 0 15
13 18 0

359
19 14 13
0 20 13
19 0 17
17 18 0

360
17 15 10
0 16 13
14 0 12
11 12 0

361
16 20 15
0 14 13
18 0 20
12 19 0

362
17 16 15
0 17 11
19 0 12
19 13 0

363
19 17 13
0 20 17
20 0 12
15 19 0

364
15 14 16
0 17 16
12 0 11
11 10 0

365
11 13 14
0 19 20
19 0 20
10 18 0

366
13 12 17
0 10 20
13 0 17
16 10 0

367
14 10 17
0 14 20
12 0 14
20 15 0

368
15 16 11
0 17 20
14 0 13
18 12 0

369
19 20 16
0 10 17
20 0 14
12 10 0

370
19 10 14
0 15 16
20 0 19
10 16 0

371
11 16 13
0 14 16
14 0 10
14 15 0

372
19 10 16
0 15 12
12 0 14
18 20 0

373
12 19 20
0 11 17
17 0 14
11 10 0

374
10 13 18
0 19 17
13 0 10
17 15 0

375
17 20 10
0 19 12
13 0 11
12 15 0

376
19 14 12
0 19 20
11 0 19
12 20 0

377
19 15 13
0 12 14
19 0 16
13 15 0

378
18 17 19
0 17 10
14 0 17
18 17 0

379
15 16 17
0 14 11
15 0 10
10 16 0

380
13 10 19
0 18 20
19 0 14
15 11 0

381
18 16 19
0 13 20
20 0 14
19 12 0

382
18 17 13
0 11 17
19 0 12
14 19 0

383
16 10 12
0 16 19
14 0 20
20 15 0

384
16 13 15
0 19 11
13 0 17
19 12 0

385
10 20 18
0 14 12
17 0 12
16 14 0

386
14 16 10
0 17 15
19 0 18
12 14 0

387
16 11 10
0 15 16
16 0 14
20 14 0

388
20 11 13
0 15 18
18 0 20
13 20 0

389
17 18 13
0 17 11
15 0 19
14 20 0

390
17 14 18
0 14 15
10 0 18
18 19 0

391
19 18 10
0 14 15
18 0 12
15 11 0

392
20 17 14
0 18 20
17 0 18
18 15 0

393
19 13 11
0 20 16
12 0 17
19 11 0

394
20 10 16
0 11 10
18 0 13
16 12 0

395
10 11 12
0 13 19
19 0 16
15 10 0

396
15 18 11
0 17 14
12 0 16
16 13 0

397
10 18 15
0 15 17
20 0 12
18 19 0

398
18 11 14
0 19 14
18 0 12
19 16 0

399
17 16 14
0 11 16
16 0 11
15 11 0

400
15 10 12
0 11 13
11 0 14
13 19 0

401
10 15 14
0 14 12
11 0 18
12 17 0

402
13 12 19
0 16 10
17 0 14
20 11 0

403
11 17 20
0 12 19
12 0 14
18 20 0

404
16 11 20
0 20 15
15 0 12
20 15 0

405
17 10 19
0 19 11
20 0 16
16 17 0

406
20 16 10
0 12 19
11 0 17
17 14 0

407
16 14 20
0 18 16
17 0 20
16 15 0

408
18 17 15
0 14 16
17 0 15
19 15 0

409
10 11 13
0 17 12
15 0 14
19 11 0

410
18 14 15
0 19 11
17 0 15
16 19 0

411
11 15 13
0 13 12
11 0 19
14 18 0

412
20 19 12
0 11 13
14 0 20
14 11 0

413
12 14 20
0 10 15
14 0 15
15 19 0

414
19 15 14
0 19 18
15 0 16
12 20 0

415
14 16 10
0 14 12
11 0 15
10 15 0

416
17 12 18
0 12 13
12 0 10
15 17 0

417
14 10 15
0 13 11
15 0 19
15 19 0

418
16 17 18
0 10 14
11 0 20
20 19 0

419
11 14 10
0 17 14
18 0 10
17 14 0

420
18 19 14
0 15 16
17 0 12
11 13 0

421
11 19 10
0 18 12
13 0 10
19 12 0

422
14 13 20
0 10 17
20 0 15
18 12 0

423
18 20 16
0 13 12
15 0 13
20 17 0

424
10 12 16
0 20 16
10 0 13
11 15 0

425
16 14 12
0 12 17
10 0 14
11 17 0

426
12 17 13
0 18 17
10 0 19
10 13 0

427
13 19 10
0 10 11
16 0 11
19 10 0

428
12 13 16
0 18 10
15 0 14
20 17 0

429
10 14 19
0 11 10
11 0 20
15 18 0

430
12 20 11
0 19 14
14 0 19
12 14 0

431
14 10 13
0 14 17
12 0 16
20 11 0

432
18 17 13
0 19 18
14 0 16
18 13 0

433
10 19 17
0 17 11
15 0 11
15 16 0

434
19 12 13
0 18 16
19 0 14
14 18 0

435
20 12 15
0 15 20
18 0 12
10 18 0

436
19 18 12
0 15 18
20 0 17
15 11 0

437
11 20 16
0 17 18
20 0 11
13 15 0

438
11 12 10
0 11 14
16 0 12
17 11 0

439
16 11 17
0 16 17
14 0 13
16 10 0

440
14 13 11
0 16 13
14 0 16
17 12 0

441
15 14 11
0 13 16
19 0 18
11 16 0

442
13 20 12
0 20 12
13 0 14
13 15 0

443
17 14 15
0 16 17
11 0 14
14 18 0

444
14 18 13
0 18 17
11 0 16
17 11 0

445
12 17 14
0 17 10
20 0 11
20 12 0

446
13 14 10
0 10 12
19 0 17
15 13 0

447
17 16 20
0 11 12
15 0 14
13 12 0

448
12 13 17
0 15 19
19 0 12
19 11 0

449
15 10 11
0 13 17
18 0 16
16 15 0

450
16 10 17
0 14 20
11 0 19
15 16 0

451
10 18 19
0 13 11
18 0 13
14 12 0

452
13 16 15
0 18 13
15 0 17
10 16 0

453
17 19 15
0 15 10
20 0 10
13 19 0

454
13 10 19
0 15 10
12 0 10
12 14 0

455
15 17 13
0 12 18
11 0 20
11 10 0

456
12 17 16
0 11 17
19 0 20
11 17 0

457
18 14 10
0 19 11
17 0 10
19 16 0

458
20 19 16
0 18 11
11 0 20
16 19 0

459
15 18 12
0 20 15
20 0 15
16 10 0

460
13 16 15
0 11 14
20 0 12
18 20 0

461
13 19 20
0 11 19
12 0 13
16 12 0

462
13 11 19
0 16 11
19 0 11
15 10 0

463
15 12 18
0 11 19
12 0 17
13 19 0

464
19 16 20
0 16 13
10 0 11
13 15 0

465
15 12 17
0 16 17
14 0 20
19 11 0

466
12 14 19
0 12 10
16 0 19
15 16 0

467
15 16 17
0 12 13
14 0 12
14 17 0

468
15 19 13
0 20 19
12 0 20
10 14 0

469
18 17 13
0 15 13
10 0 17
13 17 0

470
13 17 20
0 18 15
12 0 17
12 17 0

471
16 13 20
0 13 19
10 0 16
18 20 0

472
10 20 19
0 13 11
17 0 16
14 18 0

473
14 13 17
0 16 13
12 0 20
12 15 0

474
14 15 13
0 13 17
18 0 17
10 13 0

475
14 18 16
0 15 14
16 0 20
19 18 0

476
20 10 11
0 18 16
20 0 15
19 20 0

477
17 19 16
0 13 11
16 0 18
16 19 0

478
18 15 10
0 17 19
18 0 16
17 20 0

479
20 17 16
0 19 12
16 0 17
19 16 0

480
13 11 15
0 18 15
13 0 17
13 14 0

481
14 17 19
0 19 16
10 0 19
12 11 0

482
20 14 13
0 18 16
16 0 14
19 10 0

483
18 16 15
0 16 13
14 0 12
17 16 0

484
13 20 19
0 14 10
19 0 16
19 20 0

485
18 17 13
0 11 14
12 0 10
17 20 0

486
14 17 20
0 17 11
13 0 16
20 13 0

487
11 19 16
0 11 13
11 0 14
14 13 0

488
13 19 12
0 18 15
14 0 19
11 16 0

489
12 20 17
0 16 11
14 0 17
18 12 0

490
17 19 12
0 17 20
20 0 17
16 13 0

491
12 16 15
0 19 17
16 0 10
14 20 0

492
20 16 13
0 16 19
12 0 13
19 16 0

493
18 16 11
0 18 14
13 0 19
10 20 0

494
13 14 17
0 18 13
16 0 17
19 14 0

495
17 20 18
0 19 11
12 0 17
15 16 0

496
17 12 15
0 13 18
20 0 16
18 16 0

497
20 17 18
0 12 10
16 0 13
15 19 0

498
14 10 11
0 20 12
19 0 13
20 15 0

499
11 15 17
0 19 14
10 0 17
10 16 0

500
13 14 10
0 14 17
11 0 19
10 13 0

501
17 12 10
0 16 20
14 0 20
20 16 0

502
20 18 15
0 13 19
14 0 10
15 19 0

503
17 14 11
0 17 14
19 0 18
13 16 0

504
13 18 15
0 20 12
12 0 18
16 19 0

505
13 17 14
0 19 17
20 0 12
17 12 0

506
20 10 11
0 12 13
16 0 17
18 15 0

507
16 11 12
0 19 16
19 0 17
13 15 0

508
13 19 11
0 20 18
11 0 13
18 14 0

509
14 19 20
0 18 20
17 0 14
14 10 0

510
13 10 19
0 10 20
19 0 13
12 14 0

511
20 16 17
0 16 20
18 0 12
20 13 0

512
14 15 13
0 13 20
13 0 17
14 13 0

513
10 16 12
0 17 12
18 0 14
10 16 0

514
17 19 20
0 11 16
18 0 15
12 19 0

515
19 18 13
0 20 14
10 0 14
15 12 0

516
15 11 13
0 17 14
19 0 12
15 20 0

517
17 10 12
0 17 14
17 0 13
14 16 0

518
17 11 18
0 15 17
20 0 13
17 13 0

519
17 16 15
0 20 14
14 0 19
18 20 0

520
11 12 19
0 10 17
15 0 12
17 10 0

521
19 16 20
0 20 12
20 0 18
11 12 0

522
19 14 10
0 12 14
14 0 16
20 18 0

523
11 12 20
0 15 10
17 0 10
10 19 0

524
16 20 12
0 12 13
14 0 19
10 19 0

525
16 14 20
0 11 18
19 0 18
15 20 0

526
11 19 10
0 10 20
14 0 12
13 18 0

527
15 19 17
0 14 20
20 0 17
15 11 0

528
20 12 18
0 13 18
19 0 12
10 12 0

529
20 18 13
0 19 15
20 0 14
17 10 0

530
14 18 19
0 16 13
12 0 14
11 17 0

531
18 17 11
0 12 20
13 0 14
14 10 0

532
12 13 11
0 15 11
12 0 19
13 12 0

533
18 10 12
0 12 13
15 0 19
14 18 0

534
20 17 16
0 20 17
11 0 14
14 11 0

535
15 11 18
0 18 20
20 0 18
11 12 0

536
20 17 19
0 19 14
18 0 13
13 14 0

537
13 12 18
0 14 10
13 0 16
12 10 0

538
11 14 15
0 15 18
19 0 13
13 17 0

539
15 14 17
0 13 15
20 0 12
10 13 0

540
13 19 16
0 13 20
12 0 13
19 11 0

541
17 20 12
0 20 13
10 0 12
17 20 0

542
20 12 11
0 10 20
20 0 11
10 12 0

543
19 10 11
0 10 19
11 0 18
12 13 0

544
20 19 10
0 14 20
16 0 11
14 10 0

545
19 10 20
0 15 17
12 0 17
16 17 0

546
20 15 18
0 20 15
19 0 15
16 11 0

547
11 16 19
0 12 11
12 0 19
15 18 0

548
11 14 16
0 12 19
17 0 20
12 15 0

549
15 14 11
0 18 13
10 0 12
20 17 0

550
15 16 10
0 13 10
20 0 14
14 13 0

551
11 18 12
0 11 20
14 0 10
15 16 0

552
17 19 11
0 16 19
11 0 13
15 16 0

553
20 17 16
0 20 12
15 0 13
19 17 0

554
14 12 11
0 13 12
12 0 18
12 20 0

555
14 12 15
0 17 16
16 0 20
18 12 0

556
14 16 11
0 11 16
11 0 13
16 10 0

557
12 18 15
0 12 10
17 0 19
16 13 0

558
14 10 12
0 19 12
20 0 19
14 18 0

559
17 20 15
0 15 10
10 0 13
16 15 0

560
11 13 16
0 18 15
17 0 20
12 10 0

561
20 12 13
0 12 13
20 0 18
13 10 0

562
18 11 10
0 19 16
13 0 10
18 20 0

563
13 10 16
0 13 19
12 0 17
16 20 0

564
16 12 13
0 10 12
10 0 14
16 14 0

565
11 20 17
0 20 18
19 0 18
19 17 0

566
19 17 10
0 12 10
16 0 12
13 15 0

567
13 17 19
0 14 19
19 0 15
12 19 0

568
13 17 15
0 15 16
16 0 14
17 19 0

569
15 12 19
0 10 15
15 0 10
19 12 0

570
20 15 18
0 16 18
14 0 19
20 18 0

571
18 13 11
0 18 14
20 0 14
14 18 0

572
20 15 11
0 14 20
14 0 19
17 20 0

573
13 12 16
0 12 20
10 0 11
19 14 0

574
12 18 20
0 11 18
12 0 15
19 14 0

575
11 17 14
0 13 16
18 0 15
20 19 0

576
15 13 12
0 16 17
17 0 19
17 19 0

577
14 10 16
0 14 18
17 0 19
18 17 0

578
10 16 11
0 20 18
18 0 14
14 17 0

579
19 16 10
0 18 17
19 0 11
12 18 0

580
14 10 20
0 12 16
13 0 16
11 14 0

581
13 12 16
0 15 16
10 0 11
14 11 0

582
20 13 19
0 15 19
20 0 13
16 17 0

583
20 16 10
0 14 13
11 0 12
13 10 0

584
18 17 11
0 10 15
16 0 15
20 16 0

585
19 11 15
0 20 15
15 0 19
14 17 0

586
20 15 17
0 17 20
14 0 12
18 19 0

587
15 20 14
0 11 17
12 0 10
19 15 0

588
18 15 10
0 10 20
13 0 17
13 15 0

589
10 20 11
0 17 10
11 0 10
18 11 0

590
20 17 19
0 18 20
18 0 16
14 11 0

591
10 20 13
0 11 20
10 0 19
10 19 0

592
12 11 19
0 10 19
17 0 16
12 17 0

593
20 11 13
0 18 19
11 0 13
14 17 0

594
13 11 20
0 12 18
16 0 12
13 15 0

595
10 14 16
0 18 16
17 0 19
11 17 0

596
11 15 13
0 18 19
16 0 18
20 18 0

597
15 13 12
0 18 13
13 0 18
16 14 0

598
20 10 14
0 18 14
11 0 14
17 13 0

599
13 16 20
0 14 12
14 0 13
12 11 0

600
17 20 13
0 14 18
12 0 18
10 19 0

601
13 20 19
0 20 17
13 0 11
15 16 0

602
18 16 19
0 11 18
10 0 13
14 19 0

603
20 19 13
0 15 11
16 0 10
15 18 0

604
12 11 20
0 19 13
19 0 15
17 10 0

605
19 16 20
0 15 18
15 0 10
11 15 0

606
16 13 17
0 11 15
10 0 12
15 12 0

607
14 17 13
0 16 17
16 0 17
10 15 0

608
17 12 11
0 13 12
15 0 19
16 10 0

609
13 20 10
0 18 20
14 0 18
15 19 0

610
18 17 14
0 14 11
17 0 16
15 19 0

611
11 13 15
0 10 17
16 0 12
13 15 0

612
15 17 13
0 17 14
11 0 18
15 18 0

613
18 14 17
0 18 16
12 0 18
19 10 0

614
17 16 14
0 18 19
11 0 13
11 14 0

615
20 13 18
0 18 16
12 0 15
18 17 0

616
16 20 13
0 19 20
14 0 16
16 11 0

617
14 20 13
0 12 16
12 0 19
16 12 0

618
17 15 10
0 16 15
14 0 18
16 15 0

619
18 13 12
0 16 19
18 0 15
12 15 0

620
15 12 19
0 19 16
15 0 14
18 14 0

621
18 12 17
0 12 20
11 0 17
18 11 0

622
18 12 19
0 12 16
11 0 20
15 10 0

623
14 18 12
0 20 15
15 0 18
13 15 0

624
13 12 19
0 18 13
19 0 13
14 18 0

625
16 14 15
0 10 16
13 0 10
13 16 0

626
10 20 18
0 11 16
14 0 12
20 13 0

627
12 10 14
0 17 12
17 0 18
11 19 0

628
19 11 13
0 16 10
16 0 20
13 15 0

629
16 17 13
0 13 12
13 0 20
16 10 0

630
18 14 15
0 18 11
13 0 20
12 10 0

631
14 19 17
0 17 11
13 0 10
11 13 0

632
20 13 14
0 10 13
13 0 16
16 15 0

633
16 12 11
0 11 19
14 0 19
19 11 0

634
20 16 18
0 12 14
12 0 16
12 14 0

635
12 10 11
0 14 12
18 0 15
11 15 0

636
12 16 10
0 13 14
16 0 15
15 17 0

637
10 17 12
0 15 16
18 0 10
17 18 0

638
18 20 19
0 11 13
12 0 20
18 20 0

639
15 12 13
0 20 12
20 0 13
10 14 0

640
10 15 19
0 15 16
10 0 11
13 19 0

641
18 11 20
0 12 19
13 0 17
17 15 0

642
15 14 10
0 16 13
15 0 14
19 14 0

643
14 18 10
0 17 16
15 0 16
17 18 0

644
20 14 17
0 13 14
16 0 10
20 17 0

645
15 17 12
0 13 11
11 0 14
19 14 0

646
16 15 17
0 15 18
11 0 16
19 14 0

647
19 16 14
0 14 18
15 0 20
14 20 0

648
15 14 13
0 18 15
19 0 16
15 16 0

649
18 12 15
0 14 15
13 0 17
14 16 0

650
12 14 20
0 19 18
16 0 15
17 16 0

651
16 19 13
0 14 13
13 0 19
17 20 0

652
10 14 19
0 15 20
16 0 14
16 11 0

653
11 17 14
0 11 18
13 0 18
13 18 0

654
15 13 10
0 18 16
14 0 15
12 20 0

655
20 12 16
0 16 15
10 0 16
12 11 0

656
14 10 12
0 16 20
17 0 15
14 13 0

657
14 16 11
0 11 17
10 0 18
17 14 0

658
14 12 16
0 12 11
20 0 17
12 13 0

659
14 19 18
0 19 12
19 0 10
14 13 0

660
16 19 13
0 19 10
15 0 14
18 17 0

661
14 10 16
0 11 14
15 0 18
16 11 0

662
20 12 17
0 18 19
11 0 14
16 13 0

663
11 15 19
0 11 12
18 0 17
17 19 0

664
19 11 20
0 19 20
14 0 16
19 20 0

665
20 10 18
0 18 13
18 0 17
10 14 0

666
16 18 14
0 19 15
17 0 16
17 11 0

667
14 18 11
0 16 13
16 0 14
10 17 0

668
20 12 19
0 17 11
17 0 20
14 20 0

669
16 17 10
0 13 19
17 0 18
20 10 0

670
15 12 13
0 20 15
20 0 16
14 10 0

671
19 15 14
0 11 20
10 0 17
17 12 0

672
10 13 20
0 11 15
10 0 12
19 13 0

673
18 19 12
0 18 16
11 0 14
15 19 0

674
11 15 13
0 17 15
11 0 14
11 14 0

675
12 10 14
0 19 15
17 0 13
18 11 0

676
12 20 13
0 20 16
13 0 17
10 15 0

677
10 13 20
0 19 10
19 0 10
20 11 0

678
16 19 11
0 18 17
10 0 18
10 15 0

679
10 16 15
0 20 18
15 0 12
14 13 0

680
17 19 10
0 13 16
11 0 20
18 14 0

681
19 16 13
0 20 17
10 0 16
15 14 0

682
10 19 13
0 10 13
10 0 14
16 15 0

683
14 13 16
0 15 17
16 0 15
12 17 0

684
12 20 18
0 13 11
10 0 16
13 19 0

685
11 20 16
0 16 15
15 0 16
14 11 0

686
20 11 10
0 16 13
14 0 17
18 15 0

687
16 15 11
0 20 18
20 0 16
12 18 0

688
19 13 11
0 11 14
15 0 20
13 20 0

689
12 17 16
0 12 14
14 0 11
14 16 0

690
15 18 13
0 16 19
11 0 13
14 20 0

691
11 16 15
0 18 10
18 0 12
17 14 0

692
20 10 14
0 13 12
19 0 12
20 19 0

693
15 17 13
0 14 18
18 0 20
18 15 0

694
12 20 17
0 11 10
10 0 11
16 13 0

695
14 19 10
0 20 11
11 0 12
17 15 0

696
20 16 10
0 19 18
15 0 20
16 14 0

697
19 15 11
0 19 17
10 0 11
19 13 0

698
20 18 12
0 13 14
19 0 18
15 12 0

699
19 18 10
0 19 11
20 0 16
16 17 0

700
13 14 10
0 16 12
14 0 10
20 17 0

701
15 16 11
0 10 13
16 0 19
17 16 0

702
20 12 19
0 13 20
10 0 11
20 15 0

703
16 15 11
0 20 14
14 0 10
13 15 0

704
13 19 14
0 13 20
18 0 20
14 19 0

705
15 20 12
0 16 13
12 0 13
10 20 0

706
19 17 14
0 20 12
17 0 20
11 20 0

707
10 14 20
0 20 13
15 0 11
13 17 0

708
20 18 14
0 13 19
18 0 10
20 12 0

709
13 10 19
0 10 15
13 0 20
10 13 0

710
15 13 11
0 19 15
16 0 13
12 11 0

711
15 12 16
0 15 16
10 0 13
11 19 0

712
18 12 19
0 20 13
19 0 16
18 12 0

713
11 10 13
0 10 13
18 0 13
12 11 0

714
20 14 19
0 19 13
10 0 11
18 15 0

715
14 12 13
0 19 20
11 0 14
14 18 0

716
16 18 14
0 17 16
12 0 13
20 11 0

717
19 13 14
0 13 19
10 0 12
13 18 0

718
17 15 14
0 11 16
20 0 18
20 17 0

719
11 10 20
0 11 12
20 0 16
20 11 0

720
11 15 14
0 19 15
20 0 15
18 10 0

721
16 14 10
0 16 17
15 0 19
13 16 0

722
10 12 11
0 16 17
17 0 18
18 12 0

723
10 20 16
0 15 16
14 0 15
19 11 0

724
11 20 15
0 11 15
11 0 16
10 13 0

725
14 12 18
0 10 16
17 0 12
20 12 0

726
14 11 12
0 14 19
17 0 14
18 15 0

727
14 20 12
0 13 19
20 0 14
15 11 0

728
15 11 14
0 11 14
19 0 17
18 10 0

729
11 20 13
0 20 17
19 0 17
15 11 0

730
11 14 12
0 14 17
14 0 16
14 20 0

731
20 14 18
0 10 12
16 0 12
15 18 0

732
20 17 10
0 15 13
14 0 20
19 12 0

733
20 14 15
0 15 11
16 0 20
18 14 0

734
17 19 10
0 13 11
15 0 20
11 16 0

735
12 10 13
0 13 11
10 0 19
12 14 0

736
12 19 17
0 10 19
20 0 13
18 13 0

737
18 20 14
0 10 11
12 0 13
15 12 0

738
13 15 11
0 10 20
20 0 15
15 17 0

739
19 14 16
0 18 14
10 0 14
18 14 0

740
13 17 20
0 18 11
10 0 14
20 15 0

741
10 17 11
0 16 19
11 0 16
12 18 0

742
10 13 19
0 11 14
13 0 17
18 12 0

743
20 15 19
0 15 18
19 0 20
12 20 0

744
10 19 18
0 10 17
20 0 18
14 19 0

745
15 18 20
0 11 18
15 0 17
14 18 0

746
20 12 18
0 19 10
11 0 17
16 15 0

747
15 16 10
0 13 19
11 0 12
16 11 0

748
12 14 16
0 16 15
19 0 18
17 11 0

749
10 19 16
0 16 18
14 0 16
20 10 0

750
11 12 18
0 15 18
12 0 11
19 18 0

751
15 12 17
0 20 14
15 0 19
16 20 0

752
18 12 19
0 12 11
15 0 11
12 14 0

753
18 12 11
0 10 14
11 0 15
20 13 0

754
17 12 20
0 18 12
19 0 16
10 16 0

755
11 17 18
0 19 13
16 0 15
18 12 0

756
19 16 15
0 10 19
15 0 19
12 14 0

757
11 10 14
0 19 13
17 0 20
20 12 0

758
11 20 19
0 14 12
18 0 16
19 13 0

759
12 11 14
0 14 12
15 0 19
13 20 0

760
12 10 20
0 15 20
19 0 15
10 14 0

761
19 18 17
0 15 16
11 0 18
11 18 0

762
13 10 11
0 14 11
16 0 18
20 14 0

763
16 17 10
0 15 20
14 0 13
12 19 0

764
17 16 13
0 11 10
14 0 20
11 15 0

765
11 10 12
0 19 16
18 0 14
16 14 0

766
19 14 10
0 14 15
18 0 12
18 12 0

767
12 20 19
0 13 15
16 0 11
18 11 0

768
12 11 13
0 10 20
16 0 11
10 20 0

769
15 11 10
0 20 10
19 0 11
17 19 0

770
17 18 13
0 20 11
10 0 20
13 12 0

771
14 13 17
0 15 11
14 0 15
14 15 0

772
11 16 18
0 12 16
16 0 11
11 19 0

773
14 15 18
0 19 11
11 0 17
11 20 0

774
12 20 11
0 11 15
12 0 18
13 14 0

775
19 10 13
0 16 15
18 0 13
12 11 0

776
10 12 11
0 10 16
20 0 10
17 10 0

777
13 11 12
0 12 14
14 0 19
15 18 0

778
12 16 17
0 12 19
12 0 11
10 14 0

779
10 14 20
0 17 20
14 0 15
19 20 0

780
17 13 18
0 16 10
20 0 10
18 12 0

781
10 14 13
0 12 18
13 0 11
16 13 0

782
19 11 14
0 12 16
15 0 16
11 10 0

783
10 17 20
0 19 20
19 0 16
13 14 0

784
13 17 19
0 20 15
15 0 11
14 13 0

785
13 15 18
0 18 20
20 0 18
10 16 0

786
19 11 10
0 13 15
18 0 16
16 18 0

787
17 14 13
0 20 12
13 0 20
12 17 0

788
20 13 17
0 18 15
15 0 19
16 14 0

789
12 10 11
0 13 19
16 0 19
14 16 0

790
19 18 10
0 17 18
20 0 18
20 12 0

791
11 20 19
0 12 11
18 0 13
12 10 0

792
13 16 17
0 18 13
16 0 10
19 12 0

793
17 15 14
0 20 15
19 0 20
14 20 0

794
12 13 19
0 14 19
17 0 14
15 20 0

795
17 11 13
0 16 12
20 0 14
15 20 0

796
17 11 15
0 13 16
19 0 10
17 11 0

797
13 15 14
0 11 12
13 0 15
18 11 0

798
14 15 19
0 13 20
15 0 20
19 13 0

799
17 18 13
0 15 12
12 0 10
10 14 0

800
20 16 19
0 19 16
20 0 12
20 14 0

801
20 19 18
0 18 15
10 0 17
18 10 0

802
19 20 18
0 12 15
11 0 16
12 17 0

803
11 20 12
0 11 14
12 0 11
10 13 0

804
19 10 17
0 19 17
13 0 17
18 15 0

805
12 13 16
0 15 16
10 0 11
14 13 0

806
11 16 17
0 13 15
14 0 15
14 17 0

807
17 13 15
0 15 20
14 0 19
10 15 0

808
19 17 14
0 11 16
17 0 10
11 15 0

809
14 16 12
0 19 12
10 0 13
16 17 0

810
16 19 13
0 12 20
20 0 19
14 20 0

811
16 11 15
0 13 16
12 0 18
11 10 0

812
13 10 16
0 17 11
14 0 11
14 13 0

813
16 11 14
0 17 13
20 0 12
17 11 0

814
20 14 15
0 16 17
10 0 17
12 20 0

815
16 20 15
0 17 19
15 0 20
19 18 0

816
16 19 11
0 20 18
18 0 16
18 13 0

817
13 18 12
0 11 18
19 0 16
20 19 0

818
10 18 17
0 13 20
12 0 17
12 10 0

819
17 16 11
0 17 20
11 0 13
14 11 0

820
10 20 16
0 10 20
18 0 17
15 20 0

821
15 12 17
0 19 12
12 0 18
16 18 0

822
16 19 11
0 13 16
14 0 18
12 17 0

823
10 11 12
0 16 15
19 0 20
11 15 0

824
16 12 18
0 18 17
15 0 12
18 14 0

825
10 13 11
0 11 13
10 0 13
11 13 0

826
16 10 14
0 18 14
15 0 19
13 20 0

827
18 13 19
0 11 12
15 0 16
14 19 0

828
10 20 17
0 12 13
17 0 10
20 14 0

829
18 14 11
0 18 16
18 0 16
12 10 0

830
20 15 14
0 15 20
14 0 16
11 15 0

831
13 17 16
0 14 18
18 0 19
19 16 0

832
11 17 19
0 16 15
18 0 20
19 13 0

833
11 15 17
0 10 15
14 0 20
16 15 0

834
17 10 14
0 16 15
12 0 20
15 12 0

835
15 13 11
0 20 13
11 0 20
18 14 0

836
11 20 19
0 15 17
13 0 19
15 11 0

837
20 19 14
0 15 10
13 0 15
19 10 0

838
12 16 11
0 18 17
10 0 20
10 16 0

839
17 20 12
0 15 16
10 0 17
15 11 0

840
12 18 14
0 10 19
16 0 11
17 10 0

841
10 14 18
0 15 16
15 0 10
16 11 0

842
15 12 14
0 12 13
14 0 17
11 10 0

843
12 16 20
0 10 13
10 0 18
19 13 0

844
11 18 13
0 10 13
18 0 10
11 17 0

845
12 17 19
0 18 19
14 0 15
14 17 0

846
18 19 17
0 17 18
10 0 19
11 13 0

847
14 13 10
0 17 14
20 0 19
11 17 0

848
13 14 17
0 10 12
12 0 11
18 19 0

849
18 11 12
0 18 11
19 0 14
20 12 0

850
11 18 13
0 15 16
18 0 19
20 10 0

851
18 15 20
0 12 13
16 0 17
16 13 0

852
15 11 19
0 13 17
12 0 11
19 15 0

853
14 20 19
0 19 17
15 0 18
14 12 0

854
17 19 14
0 14 19
20 0 13
10 15 0

855
13 10 20
0 13 12
16 0 17
15 12 0

856
19 10 18
0 17 15
11 0 17
11 15 0

857
19 15 18
0 19 17
20 0 11
10 20 0

858
19 13 14
0 17 14
16 0 14
18 19 0

859
14 15 17
0 16 18
13 0 19
20 17 0

860
16 20 17
0 19 18
12 0 18
19 10 0

861
12 17 19
0 18 17
17 0 12
14 12 0

862
19 14 18
0 11 10
12 0 20
14 19 0

863
18 13 15
0 20 18
12 0 15
19 10 0

864
12 18 11
0 12 20
16 0 13
12 17 0

865
19 12 17
0 17 12
17 0 18
14 18 0

866
20 19 17
0 10 13
17 0 14
17 16 0

867
14 16 15
0 19 11
15 0 17
14 13 0

868
17 18 20
0 14 18
20 0 13
19 17 0

869
17 10 16
0 18 11
14 0 13
18 11 0

870
16 14 17
0 11 20
19 0 17
16 11 0

871
15 11 18
0 13 18
16 0 18
16 13 0

872
17 18 10
0 12 11
14 0 12
16 17 0

873
15 14 13
0 19 14
14 0 18
15 16 0

874
10 16 14
0 18 20
19 0 10
18 15 0

875
16 15 11
0 15 17
17 0 13
13 18 0

876
14 11 16
0 19 17
20 0 12
12 19 0

877
13 15 19
0 14 12
12 0 14
12 15 0

878
17 20 16
0 19 20
11 0 14
14 11 0

879
17 10 13
0 17 11
18 0 20
13 17 0

880
19 12 20
0 15 17
15 0 18
20 12 0

881
17 18 11
0 12 19
11 0 16
13 11 0

882
13 12 11
0 11 17
15 0 18
17 18 0

883
15 12 17
0 14 18
13 0 14
17 18 0

884
19 12 15
0 20 12
13 0 14
12 10 0

885
11 15 18
0 11 12
15 0 18
16 20 0

886
14 20 12
0 16 12
13 0 14
20 16 0

887
16 12 15
0 15 11
11 0 14
11 10 0

888
17 12 14
0 17 19
13 0 19
12 15 0

889
11 10 14
0 12 19
15 0 13
15 11 0

890
19 15 10
0 14 13
17 0 15
17 19 0

891
15 16 12
0 18 16
12 0 11
14 12 0

892
15 16 11
0 20 19
19 0 18
13 20 0

893
15 20 19
0 13 14
17 0 13
10 19 0

894
13 11 17
0 20 11
16 0 11
18 13 0

895
19 16 10
0 17 16
15 0 19
20 14 0

896
15 13 16
0 15 19
16 0 17
13 11 0

897
20 11 18
0 12 11
20 0 12
12 14 0

898
13 18 15
0 12 16
18 0 12
19 13 0

899
11 18 17
0 20 14
17 0 20
15 14 0

900
20 17 14
0 17 10
15 0 12
12 16 0

901
12 10 19
0 15 20
19 0 16
14 10 0

902
17 15 16
0 17 10
10 0 18
14 18 0

903
18 20 16
0 18 12
10 0 11
14 16 0

904
11 14 12
0 19 10
19 0 14
17 20 0

905
18 17 10
0 16 15
12 0 13
18 12 0

906
11 20 10
0 15 11
11 0 20
10 17 0

907
13 11 20
0 13 19
19 0 14
14 15 0

908
11 18 15
0 16 10
17 0 20
12 15 0

909
14 11 12
0 19 12
11 0 14
15 18 0

910
11 12 15
0 14 17
17 0 16
16 14 0

911
20 13 17
0 15 14
13 0 15
16 19 0

912
17 19 13
0 17 14
19 0 20
17 18 0

913
19 16 14
0 12 17
16 0 13
10 20 0

914
13 10 18
0 17 13
20 0 11
17 19 0

915
12 20 16
0 12 11
16 0 18
17 20 0

916
20 11 12
0 14 20
10 0 20
15 11 0

917
18 20 13
0 13 11
15 0 17
17 20 0

918
10 20 16
0 18 15
12 0 15
20 18 0

919
19 17 16
0 17 18
14 0 13
11 12 0

920
20 10 13
0 16 13
16 0 20
13 19 0

921
10 12 15
0 12 14
20 0 16
11 15 0

922
16 13 11
0 20 17
14 0 12
11 18 0

923
20 10 16
0 11 14
10 0 20
10 18 0

924
12 14 16
0 18 20
10 0 15
15 14 0

925
13 10 17
0 16 10
15 0 11
16 10 0

926
11 16 17
0 19 20
19 0 11
20 11 0

927
10 11 13
0 14 11
10 0 17
20 15 0

928
15 13 19
0 13 16
14 0 11
16 14 0

929
13 17 18
0 17 10
14 0 16
11 16 0

930
17 14 15
0 13 15
16 0 10
17 15 0

931
11 17 15
0 17 20
16 0 20
12 17 0

932
11 13 18
0 20 11
10 0 19
15 19 0

933
12 16 15
0 15 10
19 0 17
10 13 0

934
11 20 17
0 12 13
13 0 12
17 19 0

935
10 18 19
0 20 19
16 0 15
19 12 0

936
16 20 10
0 20 10
11 0 14
14 12 0

937
13 12 10
0 17 20
13 0 19
19 15 0

938
18 12 14
0 19 16
13 0 14
11 15 0

939
19 18 16
0 13 16
18 0 17
10 17 0

940
11 17 20
0 10 16
15 0 19
19 10 0

941
18 19 16
0 11 12
10 0 17
14 10 0

942
20 19 17
0 13 17
11 0 10
14 16 0

943
12 18 14
0 16 17
13 0 17
19 14 0

944
11 17 18
0 12 10
20 0 10
14 13 0

945
17 10 18
0 18 16
17 0 16
19 15 0

946
13 19 12
0 13 17
14 0 16
10 15 0

947
13 18 16
0 11 19
10 0 15
11 20 0

948
20 18 16
0 10 12
20 0 15
15 10 0

949
14 10 17
0 13 15
18 0 17
19 13 0

950
19 15 18
0 14 18
15 0 12
12 18 0

951
12 15 13
0 19 18
15 0 16
15 14 0

952
11 18 14
0 19 12
20 0 14
20 19 0

953
10 17 18
0 18 16
10 0 11
20 11 0

954
11 10 17
0 15 19
19 0 20
12 10 0

955
11 16 20
0 11 15
13 0 10
17 19 0

956
17 10 20
0 19 16
20 0 17
19 20 0

957
10 20 12
0 18 10
10 0 17
12 13 0

958
13 19 18
0 17 13
13 0 16
16 18 0

959
12 17 20
0 15 19
15 0 19
20 15 0

960
18 12 15
0 15 17
16 0 17
11 15 0

961
13 11 14
0 12 10
16 0 12
17 10 0

962
10 14 11
0 10 18
18 0 13
12 17 0

963
15 11 16
0 14 12
19 0 15
14 12 0

964
11 19 10
0 17 11
10 0 20
11 17 0

965
12 11 16
0 19 16
16 0 18
19 12 0

966
10 14 17
0 14 18
11 0 13
11 10 0

967
20 14 15
0 19 13
19 0 10
15 11 0

968
14 10 17
0 10 12
10 0 16
16 14 0

969
11 13 20
0 19 17
14 0 12
13 10 0

970
17 16 15
0 15 10
14 0 16
18 19 0

971
17 14 19
0 12 17
17 0 11
20 11 0

972
17 10 12
0 19 11
19 0 17
17 10 0

973
17 11 10
0 11 18
18 0 20
11 13 0

974
11 18 17
0 16 15
16 0 10
20 19 0

975
15 19 10
0 19 14
11 0 14
13 10 0

976
14 17 12
0 20 19
14 0 11
12 13 0

977
11 12 19
0 10 13
18 0 14
19 11 0

978
19 15 14
0 13 18
10 0 20
11 18 0

979
15 12 19
0 11 10
18 0 15
14 18 0

980
19 13 11
0 20 16
13 0 16
18 16 0

981
12 17 14
0 20 18
14 0 12
16 17 0

982
15 19 16
0 16 15
14 0 20
18 19 0

983
12 20 10
0 10 15
17 0 16
12 11 0

984
11 15 12
0 20 15
15 0 16
20 14 0

985
13 16 18
0 18 12
19 0 14
17 13 0

986
11 17 19
0 19 17
12 0 18
15 16 0

987
12 15 17
0 13 15
18 0 12
16 13 0

988
16 19 17
0 14 12
20 0 18
19 13 0

989
18 15 17
0 19 17
20 0 11
13 19 0

990
20 19 11
0 17 18
13 0 16
18 17 0

991
20 16 11
0 17 16
17 0 18
19 10 0

992
12 19 20
0 19 13
17 0 19
17 11 0

993
13 19 12
0 14 10
13 0 11
12 17 0

994
11 12 15
0 18 11
13 0 17
12 19 0

995
11 12 15
0 16 14
14 0 10
10 14 0

996
20 16 11
0 17 18
15 0 19
12 17 0

997
17 15 13
0 14 17
10 0 11
15 11 0

998
15 14 20
0 13 16
16 0 10
16 13 0

999
13 15 10
0 20 11
14 0 12
16 19 0

1000
16 20 10
0 13 10
17 0 20
18 10 0
