1 2 3 4 5 6 7 8 9 10 11 12 13 14 15 16 17 18 19 20 21 22 23 24 25 26
1000 1000 1000 1000 1000 1000 1000 1000 1000 1000 1000 1000 1000 1000 1000 1000 1000 1000 1000 1000 1000 1000 1000 1000 1000 1000

13 1 8 16 15 6 12
15 11 6 16 4
4 3 8 19 9
2 10
17 3 11 13 10 9 15 18
15 14 16 8 1 12 17 0 19
0 15 10 7 17 11 13
6 18
7 4 17 14
2 10
15 3 9 17 18 8 5 14 19
17 18 9 14 2 19 12 6 5 16
9 5 6 18
19
15 2 18 4 16
2
12 16 8 18 7 13 3 10 9
18 8 14 15 11 1 5
3 15 10 6 7 0 11 4 1 19
5 10 13 1 3 12
7 1 17
2 0 3 6 17 16 1 5 13 18
0 6 5 3 15 16 11 12 19 10
17
19 3 8 2 7 1 10
11 13 5 1 14

0 12 48 16 35 22 26 32 40 46 20 23 13 20 20 31 43 26 17 48 38 21 10 40 36 46 
12 0 42 29 32 34 26 19 45 10 39 15 31 12 44 27 18 25 40 32 49 28 32 47 50 49 
48 42 0 18 29 34 36 15 10 48 22 31 20 25 24 50 38 34 46 36 12 35 46 36 12 20 
16 29 18 0 38 14 26 20 38 43 41 45 48 10 12 41 30 29 39 13 36 22 45 50 15 18 
35 32 29 38 0 10 35 36 30 10 23 10 10 43 49 16 22 17 48 22 29 27 21 16 40 35 
22 34 34 14 10 0 50 15 11 27 38 17 26 18 43 32 17 19 27 11 12 12 23 26 45 30 
26 26 36 26 35 50 0 33 46 12 48 41 39 50 37 33 44 21 23 34 47 28 10 18 19 27 
32 19 15 20 36 15 33 0 31 31 33 15 31 49 12 12 27 20 19 47 28 33 35 45 18 28 
40 45 10 38 30 11 46 31 0 17 40 25 13 29 21 43 14 29 35 31 29 36 16 16 45 40 
46 10 48 43 10 27 12 31 17 0 40 31 31 17 40 17 41 37 12 29 31 19 20 50 46 34 
20 39 22 41 23 38 48 33 40 40 0 50 15 14 15 22 24 13 34 10 16 35 45 43 28 38 
23 15 31 45 10 17 41 15 25 31 50 0 41 47 23 37 15 33 24 26 47 20 37 22 32 17 
13 31 20 48 10 26 39 31 13 31 15 41 0 14 11 43 38 22 17 41 35 26 23 12 23 49 
20 12 25 10 43 18 50 49 29 17 14 47 14 0 19 16 22 39 34 33 44 19 16 48 41 19 
20 44 24 12 49 43 37 12 21 40 15 23 11 19 0 46 35 50 37 43 41 30 41 41 50 22 
31 27 50 41 16 32 33 12 43 17 22 37 43 16 46 0 44 49 24 10 31 30 30 12 43 19 
43 18 38 30 22 17 44 27 14 41 24 15 38 22 35 44 0 26 48 19 34 47 28 40 14 15 
26 25 34 29 17 19 21 20 29 37 13 33 22 39 50 49 26 0 43 12 14 24 18 12 29 10 
17 40 46 39 48 27 23 19 35 12 34 24 17 34 37 24 48 43 0 38 31 20 19 39 33 42 
48 32 36 13 22 11 34 47 31 29 10 26 41 33 43 10 19 12 38 0 34 43 42 12 46 15 
38 49 12 36 29 12 47 28 29 31 16 47 35 44 41 31 34 14 31 34 0 43 48 14 37 23 
21 28 35 22 27 12 28 33 36 19 35 20 26 19 30 30 47 24 20 43 43 0 28 44 48 36 
10 32 46 45 21 23 10 35 16 20 45 37 23 16 41 30 28 18 19 42 48 28 0 40 34 48 
40 47 36 50 16 26 18 45 16 50 43 22 12 48 41 12 40 12 39 12 14 44 40 0 47 24 
36 50 12 15 40 45 19 18 45 46 28 32 23 41 50 43 14 29 33 46 37 48 34 47 0 11 
46 49 20 18 35 30 27 28 40 34 38 17 49 19 22 19 15 10 42 15 23 36 48 24 11 0 
